a=[700	574
917	806
1,113	989
1,364	1,230
1,660	1,456
825	392
1,013	634
1,245	758
1,522	1,001
432	367
702	629
450	450
675	675
683	994
608	330
878	563
	
635	635
905	905
1,102	1,002
	
964	806
502	675
778	884
966	1,067
660	951
917	1,242
1,197	1,523
1,036	726
1,260	937
1,585	1,202
732	1,064
983	1,320
1,125	1,517
1,365	1,567
938	898
1,188	1,153
1,378	1,330
1,697	1,581
868	868
1,064	1,064
1,236	1,324
1,411	1,483
650	880
910	1,148
1,036	1,339
1,478	1,478
1,275	702
1,540	972
1,800	1,140
2,155	1,405
770	455
990	715
	
1,049	1,068
1,066	977
1,365	1,250
1,554	1,488
1,825	1,602
1,399	1,200
1,550	1,417
1,190	1,069
1,421	1,305
1,487	982
1,667	1,210
1,352	1,235
1,716	1,567
1,452	1,202
1,666	1,421
1,340	1,340
1,580	1,580
1,454	1,200
1,739	1,352
1,020	940
1,257	1,230
1,510	1,514
706	468
850	806
1,170	901
1,355	1,127
1,647	1,351
795	420
1,095	660
1,190	792
1,505	1,032
396	392
660	672
325	525
598	731
667	1,029
532	462
754	721
	
787	532
959	800
1,163	950
720	498
918	766
392	700
667	924
834	1,102
642	964
904	1,256
1,164	1,555
900	816
1,096	1,064
1,424	1,307
708	1,094
970	1,354
1,097	1,552
1,578	1,603
1,055	660
1,319	910
1,517	1,064
1,982	1,264
810	462
1,006	689
1,207	800
1,449	1,175
598	902
858	1,176
1,003	1,376
1,319	1,524
1,014	1,014
1,323	1,274
1,502	1,424
1,726	1,642
532	770
754	990
871	673
1,215	908
1,197	703
1,540	965
1,793	1,150
2,001	1,325
1,491	1,356
1,733	1,523
1,225	1,025
1,464	1,255
1,088	1,198
1,263	1,354
1,298	1,041
1,659	1,314
1,171	1,434
1,374	1,715
1,485	1,275
1,860	1,365
1,361	1,382
1,611	1,619
1,860	1,365
975	1,015
1,178	1,258
1,489	1,369
720	700
924	938
1,188	1,162
1,373	1,378
1,656	1,603
594	502
865	801
963	899
1,280	1,205
338	501
598	787
260	600
544	792
639	1,098
	
650	870
	
806	701
1,008	952
1,230	1,079
740	373
910	634
390	686
	
856	1,124
624	998
891	1,283
1,100	1,512
1,001	656
1,179	845
1,553	1,067
726	1,056
975	1,380
1,110	1,577
1,303	1,705
675	994
917	1,237
1,050	1,444
1,476	1,688
870	405
1,092	627
1,277	763
1,651	1,052
945	675
1,197	924
1,386	1,049
1,702	1,422
1,080	1,056
1,350	1,400
1,581	1,656
1,806	1,806
742	742
985	963
	
804	1,226
1,021	995
1,323	1,296
1,522	1,534
1,786	1,644
1,640	1,110
1,860	1,300
1,160	1,138
1,399	1,400
1,027	1,356
1,216	1,532
1,519	1,358
1,800	1,625
1,438	877
1,802	1,110
1,360	1,144
1,619	1,381
1,394	1,255
1,652	1,431
950	967
1,286	1,125
1,511	1,288
811	420
1,007	687
1,294	838
1,460	1,006
1,806	1,230
533	473
824	715
925	826
1,223	1,130
	
	
480	435
743	648
701	957
439	376
705	697
838	753
806	701
1,008	952
1,058	914
780	393
979	720
602	742
845	966
1,008	1,130
715	721
983	990
1,451	1,373
955	770
1,198	1,020
1,546	1,232
764	1,027
994	1,297
1,154	1,507
1,612	1,661
924	871
1,170	1,122
1,341	1,309
1,620	1,582
851	420
1,079	640
1,255	780
1,587	1,033
1,080	600
1,360	786
1,593	962
2,082	1,207
1,042	987
1,336	1,296
1,525	1,470
1,745	1,598
630	585
858	858
837	646
1,160	804
1,000	1,066
1,240	1,400
1,500	1,624
1,753	1,693
1,470	1,290
1,720	1,570
1,238	977
1,476	1,241
1,511	990
1,815	1,164
1,265	1,276
1,518	1,518
1,025	1,268
1,322	1,612
1,428	1,188
1,750	1,452
1,513	1,167
1,842	1,312
920	1,155
1,239	1,195
1,421	1,387
700	700
910	910
1,104	1,104
1,325	1,325
1,605	1,605
855	855
1,040	1,040
1,280	1,290
1,567	1,578
	
	
364	570
633	765
639	1,030
459	462
715	737
849	876
635	658
865	865
630	567
878	819
1,034	942
896	924
1,202	1,215
1,541	1,448
1,013	897
1,232	1,105
1,555	1,359
1,064	728
1,310	944
1,517	1,155
1,700	1,400
838	938
1,087	1,183
1,240	1,368
1,535	1,674
696	652
904	845
1,074	1,023
1,350	1,283
1,037	619
1,323	831
1,529	1,000
1,807	1,436
1,130	1,088
1,501	1,350
1,801	1,615
2,080	1,782
	
993	709
801	690
1,091	931
1,078	1,239
1,314	1,483
1,230	1,280
1,425	1,483
1,355	1,233
1,617	1,470
1,210	1,200
1,544	1,521
1,373	1,363
1,600	1,600
1,340	1,340
1,599	1,599
1,350	1,100
1,292	1,411
1,502	1,654
1,015	960
1,392	1,095
1,599	1,288
975	1,000
1,307	1,175
1,488	1,300
1,690	1,400
602	795
826	956
995	1,190
1,198	1,400
1,482	1,659
1,008	305
1,131	533
1,472	659
1,946	928
584	260
876	520
510	420
772	630
716	958
634	302
905	538
1,116	656
585	840
826	981
532	532
792	798
989	1,000
697	735
970	1,011
1,324	1,404
1,020	633
1,282	850
1,565	1,015
1,088	700
1,325	1,008
1,545	1,121
2,000	1,263
1,024	645
1,310	863
1,503	1,171
1,954	1,333
725	624
952	819
1,133	989
1,422	1,186
840	840
1,056	1,056
1,261	1,261
1,600	1,600
1,092	938
1,362	1,215
1,597	1,472
1,933	1,651
770	325
975	585
	
1,010	1,010
1,480	820
1,716	973
1,251	1,232
1,488	1,477
1,094	1,347
1,297	1,535
1,393	1,185
1,768	1,500
1,308	1,318
1,567	1,568
1,799	1,700
1,506	1,407
1,830	1,650
1,332	1,293
1,588	1,587
1,308	606
1,525	1,050
1,750	1,130
1,038	1,019
1,410	1,225
1,610	1,432
]
